54,210
54,209
54,208
54,207
54,206
0,388
54,137
54,136
54,132
54,131
54,205
54,204
54,135
54,60
54,203
54,63
64,5
54,202
54,134
54,133
54,42
54,59
54,201
54,200
60,4
54,199
54,198
60,1
60,3
64,4
64,1
64,3
61,1
61,3
54,57
54,197
54,2
54,0
54,195
58,1
58,3
54,43
54,130
54,8
54,7
54,6
54,5
54,4
54,1
54,196
54,3
0,273
0,270
52,1
52,3
3,2
10,226
10,214
10,172
10,194
10,2
10,3
11,17
11,20
11,10
11,18
9,4
9,6
9,2
9,3
8,18
8,5
8,12
8,2
8,3
57,3
57,1
20,3
20,2
20,1
19,3
19,2
19,1
12,3
12,2
12,1
11,30
11,29
11,28
11,27
11,26
11,25
11,24
11,23
11,22
11,21
11,19
11,16
11,15
11,12
11,9
11,7
11,6
11,4
11,3
11,2
11,1
10,315
10,314
10,313
10,312
10,311
10,310
10,309
10,308
10,307
10,306
10,305
10,304
10,303
10,302
10,301
10,300
10,299
10,298
10,297
10,296
10,295
10,294
10,293
10,292
10,291
10,290
10,289
10,288
10,287
10,286
10,285
10,284
10,283
